16392
30
30
1
unnamedActor
18
1095625327
frame hull
6
-1
frame gun mount base
8
-1
frame left back suspension
9
1
frame left front suspension
10
2
frame right back suspension
11
3
frame right front suspension
12
4
frame steering wheel
-1
5
frame chain
-1
-1
frame gun
13
7
frame left back engine
14
-1
frame left front engine
15
-1
frame right back engine
16
-1
frame right front engine
17
-1
frame barrels
-1
-1
frame left back tire
-1
-1
frame left front tire
-1
-1
frame right back tire
-1
-1
frame right front tire
-1
-1
0.000000	0.000000	42.000000
-0.000000	-0.000000	-0.000000	1.000000
1.000000
-50.000000	0.000000	1.863716
-0.000000	-0.000000	-0.000000	1.000000
1.000000
-39.301186	11.056913	-18.988300
-0.000000	-0.000000	-0.000000	1.000000
1.000000
42.825058	11.056913	-19.481234
-0.000000	-0.000000	-0.000000	1.000000
1.000000
-39.301186	-10.848049	-18.988300
-0.000000	-0.000000	-0.000000	1.000000
1.000000
42.825058	-10.848049	-19.481234
-0.000000	-0.000000	-0.000000	1.000000
1.000000
14.725431	16.956417	12.087311
-0.000000	0.642798	-0.000000	0.766035
1.000000
17.689819	13.480179	30.945961
-0.000000	-0.000000	-0.000000	1.000000
1.000000
27.969997	0.000004	38.026276
-0.000000	-0.000000	-0.000000	1.000000
1.000000
-23.698814	8.943087	-4.011698
-0.000000	-0.000000	-0.000000	1.000000
1.000000
24.174942	8.943087	-3.518766
-0.000000	-0.000000	-0.000000	1.000000
1.000000
-23.698811	-9.151951	-4.011698
-0.000000	-0.000000	-0.000000	1.000000
1.000000
24.174942	-9.151951	-3.518766
-0.000000	-0.000000	-0.000000	1.000000
1.000000
7.917000	0.000000	9.610001
-0.000000	-0.000000	-0.000000	1.000000
1.000000
0.000000	17.999996	0.000000
-0.000000	-0.000000	-0.000000	1.000000
1.000000
0.000000	17.999996	0.000000
-0.000000	-0.000000	-0.000000	1.000000
1.000000
0.000000	-17.999996	0.000000
-0.000000	-0.000000	-0.000000	1.000000
1.000000
0.000000	-17.999996	0.000000
-0.000000	-0.000000	-0.000000	1.000000
1.000000
0.000000	0.000000	42.000000
-0.000000	-0.000000	-0.000000	1.000000
1.000000
-50.000000	0.000000	1.863716
-0.000000	-0.000000	-0.000000	1.000000
1.000000
-39.301186	11.056913	-18.988300
-0.000000	-0.000000	-0.000000	1.000000
1.000000
42.825058	11.056913	-19.481234
-0.000000	-0.000000	-0.000000	1.000000
1.000000
-39.301186	-10.848049	-18.988300
-0.000000	-0.000000	-0.000000	1.000000
1.000000
42.825058	-10.848049	-19.481234
-0.000000	-0.000000	-0.000000	1.000000
1.000000
14.725431	16.956417	12.087311
-0.000000	0.642798	-0.000000	0.766035
1.000000
17.689819	13.480179	30.945961
-0.000000	-0.000000	-0.000000	1.000000
1.000000
27.969997	0.000004	38.026276
-0.000000	-0.000000	-0.000000	1.000000
1.000000
-23.698814	8.943087	-4.011698
-0.000000	-0.000000	-0.000000	1.000000
1.000000
24.174942	8.943087	-3.518766
-0.000000	-0.000000	-0.000000	1.000000
1.000000
-23.698811	-9.151951	-4.011698
-0.000000	-0.000000	-0.000000	1.000000
1.000000
24.174942	-9.151951	-3.518766
-0.000000	-0.000000	-0.000000	1.000000
1.000000
7.917000	-0.373542	9.610001
-0.000000	-0.000000	-0.000000	1.000000
1.000000
0.000000	17.999996	0.000000
-0.000000	-0.000000	-0.000000	1.000000
1.000000
0.000000	17.999996	0.000000
-0.000000	-0.000000	-0.000000	1.000000
1.000000
0.000000	-17.999996	0.000000
-0.000000	-0.000000	-0.000000	1.000000
1.000000
0.000000	-17.999996	0.000000
-0.000000	-0.000000	-0.000000	1.000000
1.000000
0.000000	0.000000	42.000000
-0.000000	-0.000000	-0.000000	1.000000
1.000000
-50.000000	0.000000	1.863716
-0.000000	-0.000000	-0.000000	1.000000
1.000000
-39.301186	11.056913	-18.988300
-0.000000	-0.000000	-0.000000	1.000000
1.000000
42.825058	11.056913	-19.481234
-0.000000	-0.000000	-0.000000	1.000000
1.000000
-39.301186	-10.848049	-18.988300
-0.000000	-0.000000	-0.000000	1.000000
1.000000
42.825058	-10.848049	-19.481234
-0.000000	-0.000000	-0.000000	1.000000
1.000000
14.725431	16.956417	12.087311
-0.000000	0.642798	-0.000000	0.766035
1.000000
17.689819	13.480179	30.945961
-0.000000	-0.000000	-0.000000	1.000000
1.000000
27.969997	0.000004	38.026276
-0.000000	-0.000000	-0.000000	1.000000
1.000000
-23.698814	8.943087	-4.011698
-0.000000	-0.000000	-0.000000	1.000000
1.000000
24.174942	8.943087	-3.518766
-0.000000	-0.000000	-0.000000	1.000000
1.000000
-23.698811	-9.151951	-4.011698
-0.000000	-0.000000	-0.000000	1.000000
1.000000
24.174942	-9.151951	-3.518766
-0.000000	-0.000000	-0.000000	1.000000
1.000000
7.917000	-1.457726	9.610001
-0.000000	-0.000000	-0.000000	1.000000
1.000000
0.000000	17.999996	0.000000
-0.000000	-0.000000	-0.000000	1.000000
1.000000
0.000000	17.999996	0.000000
-0.000000	-0.000000	-0.000000	1.000000
1.000000
0.000000	-17.999996	0.000000
-0.000000	-0.000000	-0.000000	1.000000
1.000000
0.000000	-17.999996	0.000000
-0.000000	-0.000000	-0.000000	1.000000
1.000000
0.000000	0.000000	42.000000
-0.000000	-0.000000	-0.000000	1.000000
1.000000
-50.000000	0.000000	1.863716
-0.000000	-0.000000	-0.000000	1.000000
1.000000
-39.301186	11.056913	-18.988300
-0.000000	-0.000000	-0.000000	1.000000
1.000000
42.825058	11.056913	-19.481234
-0.000000	-0.000000	-0.000000	1.000000
1.000000
-39.301186	-10.848049	-18.988300
-0.000000	-0.000000	-0.000000	1.000000
1.000000
42.825058	-10.848049	-19.481234
-0.000000	-0.000000	-0.000000	1.000000
1.000000
14.725431	16.956417	12.087311
-0.000000	0.642798	-0.000000	0.766035
1.000000
17.689819	13.480179	30.945961
-0.000000	-0.000000	-0.000000	1.000000
1.000000
27.969997	0.000004	38.026276
-0.000000	-0.000000	-0.000000	1.000000
1.000000
-23.698814	8.943087	-4.011698
-0.000000	-0.000000	-0.000000	1.000000
1.000000
24.174942	8.943087	-3.518766
-0.000000	-0.000000	-0.000000	1.000000
1.000000
-23.698811	-9.151951	-4.011698
-0.000000	-0.000000	-0.000000	1.000000
1.000000
24.174942	-9.151951	-3.518766
-0.000000	-0.000000	-0.000000	1.000000
1.000000
7.917000	-3.197886	9.610001
-0.000000	-0.000000	-0.000000	1.000000
1.000000
0.000000	17.999996	0.000000
-0.000000	-0.000000	-0.000000	1.000000
1.000000
0.000000	17.999996	0.000000
-0.000000	-0.000000	-0.000000	1.000000
1.000000
0.000000	-17.999996	0.000000
-0.000000	-0.000000	-0.000000	1.000000
1.000000
0.000000	-17.999996	0.000000
-0.000000	-0.000000	-0.000000	1.000000
1.000000
0.000000	0.000000	42.000000
-0.000000	-0.000000	-0.000000	1.000000
1.000000
-50.000000	0.000000	1.863716
-0.000000	-0.000000	-0.000000	1.000000
1.000000
-39.301186	11.056913	-18.988300
-0.000000	-0.000000	-0.000000	1.000000
1.000000
42.825058	11.056913	-19.481234
-0.000000	-0.000000	-0.000000	1.000000
1.000000
-39.301186	-10.848049	-18.988300
-0.000000	-0.000000	-0.000000	1.000000
1.000000
42.825058	-10.848049	-19.481234
-0.000000	-0.000000	-0.000000	1.000000
1.000000
14.725431	16.956417	12.087311
-0.000000	0.642798	-0.000000	0.766035
1.000000
17.689819	13.480179	30.945961
-0.000000	-0.000000	-0.000000	1.000000
1.000000
27.969997	0.000004	38.026276
-0.000000	-0.000000	-0.000000	1.000000
1.000000
-23.698814	8.943087	-4.011698
-0.000000	-0.000000	-0.000000	1.000000
1.000000
24.174942	8.943087	-3.518766
-0.000000	-0.000000	-0.000000	1.000000
1.000000
-23.698811	-9.151951	-4.011698
-0.000000	-0.000000	-0.000000	1.000000
1.000000
24.174942	-9.151951	-3.518766
-0.000000	-0.000000	-0.000000	1.000000
1.000000
7.917000	-5.539358	9.610001
-0.000000	-0.000000	-0.000000	1.000000
1.000000
0.000000	17.999996	0.000000
-0.000000	-0.000000	-0.000000	1.000000
1.000000
0.000000	17.999996	0.000000
-0.000000	-0.000000	-0.000000	1.000000
1.000000
0.000000	-17.999996	0.000000
-0.000000	-0.000000	-0.000000	1.000000
1.000000
0.000000	-17.999996	0.000000
-0.000000	-0.000000	-0.000000	1.000000
1.000000
0.000000	0.000000	42.000000
-0.000000	-0.000000	-0.000000	1.000000
1.000000
-50.000000	0.000000	1.863716
-0.000000	-0.000000	-0.000000	1.000000
1.000000
-39.301186	11.056913	-18.988300
-0.000000	-0.000000	-0.000000	1.000000
1.000000
42.825058	11.056913	-19.481234
-0.000000	-0.000000	-0.000000	1.000000
1.000000
-39.301186	-10.848049	-18.988300
-0.000000	-0.000000	-0.000000	1.000000
1.000000
42.825058	-10.848049	-19.481234
-0.000000	-0.000000	-0.000000	1.000000
1.000000
14.725431	16.956417	12.087311
-0.000000	0.642798	-0.000000	0.766035
1.000000
17.689819	13.480179	30.945961
-0.000000	-0.000000	-0.000000	1.000000
1.000000
27.969997	0.000004	38.026276
-0.000000	-0.000000	-0.000000	1.000000
1.000000
-23.698814	8.943087	-4.011698
-0.000000	-0.000000	-0.000000	1.000000
1.000000
24.174942	8.943087	-3.518766
-0.000000	-0.000000	-0.000000	1.000000
1.000000
-23.698811	-9.151951	-4.011698
-0.000000	-0.000000	-0.000000	1.000000
1.000000
24.174942	-9.151951	-3.518766
-0.000000	-0.000000	-0.000000	1.000000
1.000000
7.917000	-8.427477	9.610001
-0.000000	-0.000000	-0.000000	1.000000
1.000000
0.000000	17.999996	0.000000
-0.000000	-0.000000	-0.000000	1.000000
1.000000
0.000000	17.999996	0.000000
-0.000000	-0.000000	-0.000000	1.000000
1.000000
0.000000	-17.999996	0.000000
-0.000000	-0.000000	-0.000000	1.000000
1.000000
0.000000	-17.999996	0.000000
-0.000000	-0.000000	-0.000000	1.000000
1.000000
0.000000	0.000000	42.000000
-0.000000	-0.000000	-0.000000	1.000000
1.000000
-50.000000	0.000000	1.863716
-0.000000	-0.000000	-0.000000	1.000000
1.000000
-39.301186	11.056913	-18.988300
-0.000000	-0.000000	-0.000000	1.000000
1.000000
42.825058	11.056913	-19.481234
-0.000000	-0.000000	-0.000000	1.000000
1.000000
-39.301186	-10.848049	-18.988300
-0.000000	-0.000000	-0.000000	1.000000
1.000000
42.825058	-10.848049	-19.481234
-0.000000	-0.000000	-0.000000	1.000000
1.000000
14.725431	16.956417	12.087311
-0.000000	0.642798	-0.000000	0.766035
1.000000
17.689819	13.480179	30.945961
-0.000000	-0.000000	-0.000000	1.000000
1.000000
27.969997	0.000004	38.026276
-0.000000	-0.000000	-0.000000	1.000000
1.000000
-23.698814	8.943087	-4.011698
-0.000000	-0.000000	-0.000000	1.000000
1.000000
24.174942	8.943087	-3.518766
-0.000000	-0.000000	-0.000000	1.000000
1.000000
-23.698811	-9.151951	-4.011698
-0.000000	-0.000000	-0.000000	1.000000
1.000000
24.174942	-9.151951	-3.518766
-0.000000	-0.000000	-0.000000	1.000000
1.000000
7.917000	-11.807578	9.610001
-0.000000	-0.000000	-0.000000	1.000000
1.000000
0.000000	17.999996	0.000000
-0.000000	-0.000000	-0.000000	1.000000
1.000000
0.000000	17.999996	0.000000
-0.000000	-0.000000	-0.000000	1.000000
1.000000
0.000000	-17.999996	0.000000
-0.000000	-0.000000	-0.000000	1.000000
1.000000
0.000000	-17.999996	0.000000
-0.000000	-0.000000	-0.000000	1.000000
1.000000
0.000000	0.000000	42.000000
-0.000000	-0.000000	-0.000000	1.000000
1.000000
-50.000000	0.000000	1.863716
-0.000000	-0.000000	-0.000000	1.000000
1.000000
-39.301186	11.056913	-18.988300
-0.000000	-0.000000	-0.000000	1.000000
1.000000
42.825058	11.056913	-19.481234
-0.000000	-0.000000	-0.000000	1.000000
1.000000
-39.301186	-10.848049	-18.988300
-0.000000	-0.000000	-0.000000	1.000000
1.000000
42.825058	-10.848049	-19.481234
-0.000000	-0.000000	-0.000000	1.000000
1.000000
14.725431	16.956417	12.087311
-0.000000	0.642798	-0.000000	0.766035
1.000000
17.689819	13.480179	30.945961
-0.000000	-0.000000	-0.000000	1.000000
1.000000
27.969997	0.000004	38.026276
-0.000000	-0.000000	-0.000000	1.000000
1.000000
-23.698814	8.943087	-4.011698
-0.000000	-0.000000	-0.000000	1.000000
1.000000
24.174942	8.943087	-3.518766
-0.000000	-0.000000	-0.000000	1.000000
1.000000
-23.698811	-9.151951	-4.011698
-0.000000	-0.000000	-0.000000	1.000000
1.000000
24.174942	-9.151951	-3.518766
-0.000000	-0.000000	-0.000000	1.000000
1.000000
7.917000	-15.624998	9.610001
-0.000000	-0.000000	-0.000000	1.000000
1.000000
0.000000	17.999996	0.000000
-0.000000	-0.000000	-0.000000	1.000000
1.000000
0.000000	17.999996	0.000000
-0.000000	-0.000000	-0.000000	1.000000
1.000000
0.000000	-17.999996	0.000000
-0.000000	-0.000000	-0.000000	1.000000
1.000000
0.000000	-17.999996	0.000000
-0.000000	-0.000000	-0.000000	1.000000
1.000000
0.000000	0.000000	42.000000
-0.000000	-0.000000	-0.000000	1.000000
1.000000
-50.000000	0.000000	1.863716
-0.000000	-0.000000	-0.000000	1.000000
1.000000
-39.301186	11.056913	-18.988300
-0.000000	-0.000000	-0.000000	1.000000
1.000000
42.825058	11.056913	-19.481234
-0.000000	-0.000000	-0.000000	1.000000
1.000000
-39.301186	-10.848049	-18.988300
-0.000000	-0.000000	-0.000000	1.000000
1.000000
42.825058	-10.848049	-19.481234
-0.000000	-0.000000	-0.000000	1.000000
1.000000
14.725431	16.956417	12.087311
-0.000000	0.642798	-0.000000	0.766035
1.000000
17.689819	13.480179	30.945961
-0.000000	-0.000000	-0.000000	1.000000
1.000000
27.969997	0.000004	38.026276
-0.000000	-0.000000	-0.000000	1.000000
1.000000
-23.698814	8.943087	-4.011698
-0.000000	-0.000000	-0.000000	1.000000
1.000000
24.174942	8.943087	-3.518766
-0.000000	-0.000000	-0.000000	1.000000
1.000000
-23.698811	-9.151951	-4.011698
-0.000000	-0.000000	-0.000000	1.000000
1.000000
24.174942	-9.151951	-3.518766
-0.000000	-0.000000	-0.000000	1.000000
1.000000
7.917000	-19.825071	9.610001
-0.000000	-0.000000	-0.000000	1.000000
1.000000
0.000000	17.999996	0.000000
-0.000000	-0.000000	-0.000000	1.000000
1.000000
0.000000	17.999996	0.000000
-0.000000	-0.000000	-0.000000	1.000000
1.000000
0.000000	-17.999996	0.000000
-0.000000	-0.000000	-0.000000	1.000000
1.000000
0.000000	-17.999996	0.000000
-0.000000	-0.000000	-0.000000	1.000000
1.000000
0.000000	0.000000	42.000000
-0.000000	-0.000000	-0.000000	1.000000
1.000000
-50.000000	0.000000	1.863716
-0.000000	-0.000000	-0.000000	1.000000
1.000000
-39.301186	11.056913	-18.988300
-0.000000	-0.000000	-0.000000	1.000000
1.000000
42.825058	11.056913	-19.481234
-0.000000	-0.000000	-0.000000	1.000000
1.000000
-39.301186	-10.848049	-18.988300
-0.000000	-0.000000	-0.000000	1.000000
1.000000
42.825058	-10.848049	-19.481234
-0.000000	-0.000000	-0.000000	1.000000
1.000000
14.725431	16.956417	12.087311
-0.000000	0.642798	-0.000000	0.766035
1.000000
17.689819	13.480179	30.945961
-0.000000	-0.000000	-0.000000	1.000000
1.000000
27.969997	0.000004	38.026276
-0.000000	-0.000000	-0.000000	1.000000
1.000000
-23.698814	8.943087	-4.011698
-0.000000	-0.000000	-0.000000	1.000000
1.000000
24.174942	8.943087	-3.518766
-0.000000	-0.000000	-0.000000	1.000000
1.000000
-23.698811	-9.151951	-4.011698
-0.000000	-0.000000	-0.000000	1.000000
1.000000
24.174942	-9.151951	-3.518766
-0.000000	-0.000000	-0.000000	1.000000
1.000000
7.917000	-24.353132	9.610001
-0.000000	-0.000000	-0.000000	1.000000
1.000000
0.000000	17.999996	0.000000
-0.000000	-0.000000	-0.000000	1.000000
1.000000
0.000000	17.999996	0.000000
-0.000000	-0.000000	-0.000000	1.000000
1.000000
0.000000	-17.999996	0.000000
-0.000000	-0.000000	-0.000000	1.000000
1.000000
0.000000	-17.999996	0.000000
-0.000000	-0.000000	-0.000000	1.000000
1.000000
0.000000	0.000000	42.000000
-0.000000	-0.000000	-0.000000	1.000000
1.000000
-50.000000	0.000000	1.863716
-0.000000	-0.000000	-0.000000	1.000000
1.000000
-39.301186	11.056913	-18.988300
-0.000000	-0.000000	-0.000000	1.000000
1.000000
42.825058	11.056913	-19.481234
-0.000000	-0.000000	-0.000000	1.000000
1.000000
-39.301186	-10.848049	-18.988300
-0.000000	-0.000000	-0.000000	1.000000
1.000000
42.825058	-10.848049	-19.481234
-0.000000	-0.000000	-0.000000	1.000000
1.000000
14.725431	16.956417	12.087311
-0.000000	0.642798	-0.000000	0.766035
1.000000
17.689819	13.480179	30.945961
-0.000000	-0.000000	-0.000000	1.000000
1.000000
27.969997	0.000004	38.026276
-0.000000	-0.000000	-0.000000	1.000000
1.000000
-23.698814	8.943087	-4.011698
-0.000000	-0.000000	-0.000000	1.000000
1.000000
24.174942	8.943087	-3.518766
-0.000000	-0.000000	-0.000000	1.000000
1.000000
-23.698811	-9.151951	-4.011698
-0.000000	-0.000000	-0.000000	1.000000
1.000000
24.174942	-9.151951	-3.518766
-0.000000	-0.000000	-0.000000	1.000000
1.000000
7.917000	-29.154514	9.610001
-0.000000	-0.000000	-0.000000	1.000000
1.000000
0.000000	17.999996	0.000000
-0.000000	-0.000000	-0.000000	1.000000
1.000000
0.000000	17.999996	0.000000
-0.000000	-0.000000	-0.000000	1.000000
1.000000
0.000000	-17.999996	0.000000
-0.000000	-0.000000	-0.000000	1.000000
1.000000
0.000000	-17.999996	0.000000
-0.000000	-0.000000	-0.000000	1.000000
1.000000
0.000000	0.000000	42.000000
-0.000000	-0.000000	-0.000000	1.000000
1.000000
-50.000000	0.000000	1.863716
-0.000000	-0.000000	-0.000000	1.000000
1.000000
-39.301186	11.056913	-18.988300
-0.000000	-0.000000	-0.000000	1.000000
1.000000
42.825058	11.056913	-19.481234
-0.000000	-0.000000	-0.000000	1.000000
1.000000
-39.301186	-10.848049	-18.988300
-0.000000	-0.000000	-0.000000	1.000000
1.000000
42.825058	-10.848049	-19.481234
-0.000000	-0.000000	-0.000000	1.000000
1.000000
14.725431	16.956417	12.087311
-0.000000	0.642798	-0.000000	0.766035
1.000000
17.689819	13.480179	30.945961
-0.000000	-0.000000	-0.000000	1.000000
1.000000
27.969997	0.000004	38.026276
-0.000000	-0.000000	-0.000000	1.000000
1.000000
-23.698814	8.943087	-4.011698
-0.000000	-0.000000	-0.000000	1.000000
1.000000
24.174942	8.943087	-3.518766
-0.000000	-0.000000	-0.000000	1.000000
1.000000
-23.698811	-9.151951	-4.011698
-0.000000	-0.000000	-0.000000	1.000000
1.000000
24.174942	-9.151951	-3.518766
-0.000000	-0.000000	-0.000000	1.000000
1.000000
7.917000	-34.174561	9.610001
-0.000000	-0.000000	-0.000000	1.000000
1.000000
0.000000	17.999996	0.000000
-0.000000	-0.000000	-0.000000	1.000000
1.000000
0.000000	17.999996	0.000000
-0.000000	-0.000000	-0.000000	1.000000
1.000000
0.000000	-17.999996	0.000000
-0.000000	-0.000000	-0.000000	1.000000
1.000000
0.000000	-17.999996	0.000000
-0.000000	-0.000000	-0.000000	1.000000
1.000000
0.000000	0.000000	42.000000
-0.000000	-0.000000	-0.000000	1.000000
1.000000
-50.000000	0.000000	1.863716
-0.000000	-0.000000	-0.000000	1.000000
1.000000
-39.301186	11.056913	-18.988300
-0.000000	-0.000000	-0.000000	1.000000
1.000000
42.825058	11.056913	-19.481234
-0.000000	-0.000000	-0.000000	1.000000
1.000000
-39.301186	-10.848049	-18.988300
-0.000000	-0.000000	-0.000000	1.000000
1.000000
42.825058	-10.848049	-19.481234
-0.000000	-0.000000	-0.000000	1.000000
1.000000
14.725431	16.956417	12.087311
-0.000000	0.642798	-0.000000	0.766035
1.000000
17.689819	13.480179	30.945961
-0.000000	-0.000000	-0.000000	1.000000
1.000000
27.969997	0.000004	38.026276
-0.000000	-0.000000	-0.000000	1.000000
1.000000
-23.698814	8.943087	-4.011698
-0.000000	-0.000000	-0.000000	1.000000
1.000000
24.174942	8.943087	-3.518766
-0.000000	-0.000000	-0.000000	1.000000
1.000000
-23.698811	-9.151951	-4.011698
-0.000000	-0.000000	-0.000000	1.000000
1.000000
24.174942	-9.151951	-3.518766
-0.000000	-0.000000	-0.000000	1.000000
1.000000
7.917000	-39.358593	9.610001
-0.000000	-0.000000	-0.000000	1.000000
1.000000
0.000000	17.999996	0.000000
-0.000000	-0.000000	-0.000000	1.000000
1.000000
0.000000	17.999996	0.000000
-0.000000	-0.000000	-0.000000	1.000000
1.000000
0.000000	-17.999996	0.000000
-0.000000	-0.000000	-0.000000	1.000000
1.000000
0.000000	-17.999996	0.000000
-0.000000	-0.000000	-0.000000	1.000000
1.000000
0.000000	0.000000	42.000000
-0.000000	-0.000000	-0.000000	1.000000
1.000000
-50.000000	0.000000	1.863716
-0.000000	-0.000000	-0.000000	1.000000
1.000000
-39.301186	11.056913	-18.988300
-0.000000	-0.000000	-0.000000	1.000000
1.000000
42.825058	11.056913	-19.481234
-0.000000	-0.000000	-0.000000	1.000000
1.000000
-39.301186	-10.848049	-18.988300
-0.000000	-0.000000	-0.000000	1.000000
1.000000
42.825058	-10.848049	-19.481234
-0.000000	-0.000000	-0.000000	1.000000
1.000000
14.725431	16.956417	12.087311
-0.000000	0.642798	-0.000000	0.766035
1.000000
17.689819	13.480179	30.945961
-0.000000	-0.000000	-0.000000	1.000000
1.000000
27.969997	0.000004	38.026276
-0.000000	-0.000000	-0.000000	1.000000
1.000000
-23.698814	8.943087	-4.011698
-0.000000	-0.000000	-0.000000	1.000000
1.000000
24.174942	8.943087	-3.518766
-0.000000	-0.000000	-0.000000	1.000000
1.000000
-23.698811	-9.151951	-4.011698
-0.000000	-0.000000	-0.000000	1.000000
1.000000
24.174942	-9.151951	-3.518766
-0.000000	-0.000000	-0.000000	1.000000
1.000000
7.917000	-44.651962	9.610001
-0.000000	-0.000000	-0.000000	1.000000
1.000000
0.000000	17.999996	0.000000
-0.000000	-0.000000	-0.000000	1.000000
1.000000
0.000000	17.999996	0.000000
-0.000000	-0.000000	-0.000000	1.000000
1.000000
0.000000	-17.999996	0.000000
-0.000000	-0.000000	-0.000000	1.000000
1.000000
0.000000	-17.999996	0.000000
-0.000000	-0.000000	-0.000000	1.000000
1.000000
0.000000	0.000000	42.000000
-0.000000	-0.000000	-0.000000	1.000000
1.000000
-50.000000	0.000000	1.863716
-0.000000	-0.000000	-0.000000	1.000000
1.000000
-39.301186	11.056913	-18.988300
-0.000000	-0.000000	-0.000000	1.000000
1.000000
42.825058	11.056913	-19.481234
-0.000000	-0.000000	-0.000000	1.000000
1.000000
-39.301186	-10.848049	-18.988300
-0.000000	-0.000000	-0.000000	1.000000
1.000000
42.825058	-10.848049	-19.481234
-0.000000	-0.000000	-0.000000	1.000000
1.000000
14.725431	16.956417	12.087311
-0.000000	0.642798	-0.000000	0.766035
1.000000
17.689819	13.480179	30.945961
-0.000000	-0.000000	-0.000000	1.000000
1.000000
27.969997	0.000004	38.026276
-0.000000	-0.000000	-0.000000	1.000000
1.000000
-23.698814	8.943087	-4.011698
-0.000000	-0.000000	-0.000000	1.000000
1.000000
24.174942	8.943087	-3.518766
-0.000000	-0.000000	-0.000000	1.000000
1.000000
-23.698811	-9.151951	-4.011698
-0.000000	-0.000000	-0.000000	1.000000
1.000000
24.174942	-9.151951	-3.518766
-0.000000	-0.000000	-0.000000	1.000000
1.000000
7.917000	-49.999996	9.610001
-0.000000	-0.000000	-0.000000	1.000000
1.000000
0.000000	17.999996	0.000000
-0.000000	-0.000000	-0.000000	1.000000
1.000000
0.000000	17.999996	0.000000
-0.000000	-0.000000	-0.000000	1.000000
1.000000
0.000000	-17.999996	0.000000
-0.000000	-0.000000	-0.000000	1.000000
1.000000
0.000000	-17.999996	0.000000
-0.000000	-0.000000	-0.000000	1.000000
1.000000
0.000000	0.000000	42.000000
-0.000000	-0.000000	-0.000000	1.000000
1.000000
-50.000000	0.000000	1.863716
-0.000000	-0.000000	-0.000000	1.000000
1.000000
-39.301186	11.056913	-18.988300
-0.000000	-0.000000	-0.000000	1.000000
1.000000
42.825058	11.056913	-19.481234
-0.000000	-0.000000	-0.000000	1.000000
1.000000
-39.301186	-10.848049	-18.988300
-0.000000	-0.000000	-0.000000	1.000000
1.000000
42.825058	-10.848049	-19.481234
-0.000000	-0.000000	-0.000000	1.000000
1.000000
14.725431	16.956417	12.087311
-0.000000	0.642798	-0.000000	0.766035
1.000000
17.689819	13.480179	30.945961
-0.000000	-0.000000	-0.000000	1.000000
1.000000
27.969997	0.000004	38.026276
-0.000000	-0.000000	-0.000000	1.000000
1.000000
-23.698814	8.943087	-4.011698
-0.000000	-0.000000	-0.000000	1.000000
1.000000
24.174942	8.943087	-3.518766
-0.000000	-0.000000	-0.000000	1.000000
1.000000
-23.698811	-9.151951	-4.011698
-0.000000	-0.000000	-0.000000	1.000000
1.000000
24.174942	-9.151951	-3.518766
-0.000000	-0.000000	-0.000000	1.000000
1.000000
7.917000	-55.348030	9.610001
-0.000000	-0.000000	-0.000000	1.000000
1.000000
0.000000	17.999996	0.000000
-0.000000	-0.000000	-0.000000	1.000000
1.000000
0.000000	17.999996	0.000000
-0.000000	-0.000000	-0.000000	1.000000
1.000000
0.000000	-17.999996	0.000000
-0.000000	-0.000000	-0.000000	1.000000
1.000000
0.000000	-17.999996	0.000000
-0.000000	-0.000000	-0.000000	1.000000
1.000000
0.000000	0.000000	42.000000
-0.000000	-0.000000	-0.000000	1.000000
1.000000
-50.000000	0.000000	1.863716
-0.000000	-0.000000	-0.000000	1.000000
1.000000
-39.301186	11.056913	-18.988300
-0.000000	-0.000000	-0.000000	1.000000
1.000000
42.825058	11.056913	-19.481234
-0.000000	-0.000000	-0.000000	1.000000
1.000000
-39.301186	-10.848049	-18.988300
-0.000000	-0.000000	-0.000000	1.000000
1.000000
42.825058	-10.848049	-19.481234
-0.000000	-0.000000	-0.000000	1.000000
1.000000
14.725431	16.956417	12.087311
-0.000000	0.642798	-0.000000	0.766035
1.000000
17.689819	13.480179	30.945961
-0.000000	-0.000000	-0.000000	1.000000
1.000000
27.969997	0.000004	38.026276
-0.000000	-0.000000	-0.000000	1.000000
1.000000
-23.698814	8.943087	-4.011698
-0.000000	-0.000000	-0.000000	1.000000
1.000000
24.174942	8.943087	-3.518766
-0.000000	-0.000000	-0.000000	1.000000
1.000000
-23.698811	-9.151951	-4.011698
-0.000000	-0.000000	-0.000000	1.000000
1.000000
24.174942	-9.151951	-3.518766
-0.000000	-0.000000	-0.000000	1.000000
1.000000
7.917000	-60.641399	9.610001
-0.000000	-0.000000	-0.000000	1.000000
1.000000
0.000000	17.999996	0.000000
-0.000000	-0.000000	-0.000000	1.000000
1.000000
0.000000	17.999996	0.000000
-0.000000	-0.000000	-0.000000	1.000000
1.000000
0.000000	-17.999996	0.000000
-0.000000	-0.000000	-0.000000	1.000000
1.000000
0.000000	-17.999996	0.000000
-0.000000	-0.000000	-0.000000	1.000000
1.000000
0.000000	0.000000	42.000000
-0.000000	-0.000000	-0.000000	1.000000
1.000000
-50.000000	0.000000	1.863716
-0.000000	-0.000000	-0.000000	1.000000
1.000000
-39.301186	11.056913	-18.988300
-0.000000	-0.000000	-0.000000	1.000000
1.000000
42.825058	11.056913	-19.481234
-0.000000	-0.000000	-0.000000	1.000000
1.000000
-39.301186	-10.848049	-18.988300
-0.000000	-0.000000	-0.000000	1.000000
1.000000
42.825058	-10.848049	-19.481234
-0.000000	-0.000000	-0.000000	1.000000
1.000000
14.725431	16.956417	12.087311
-0.000000	0.642798	-0.000000	0.766035
1.000000
17.689819	13.480179	30.945961
-0.000000	-0.000000	-0.000000	1.000000
1.000000
27.969997	0.000004	38.026276
-0.000000	-0.000000	-0.000000	1.000000
1.000000
-23.698814	8.943087	-4.011698
-0.000000	-0.000000	-0.000000	1.000000
1.000000
24.174942	8.943087	-3.518766
-0.000000	-0.000000	-0.000000	1.000000
1.000000
-23.698811	-9.151951	-4.011698
-0.000000	-0.000000	-0.000000	1.000000
1.000000
24.174942	-9.151951	-3.518766
-0.000000	-0.000000	-0.000000	1.000000
1.000000
7.917000	-65.825424	9.610001
-0.000000	-0.000000	-0.000000	1.000000
1.000000
0.000000	17.999996	0.000000
-0.000000	-0.000000	-0.000000	1.000000
1.000000
0.000000	17.999996	0.000000
-0.000000	-0.000000	-0.000000	1.000000
1.000000
0.000000	-17.999996	0.000000
-0.000000	-0.000000	-0.000000	1.000000
1.000000
0.000000	-17.999996	0.000000
-0.000000	-0.000000	-0.000000	1.000000
1.000000
0.000000	0.000000	42.000000
-0.000000	-0.000000	-0.000000	1.000000
1.000000
-50.000000	0.000000	1.863716
-0.000000	-0.000000	-0.000000	1.000000
1.000000
-39.301186	11.056913	-18.988300
-0.000000	-0.000000	-0.000000	1.000000
1.000000
42.825058	11.056913	-19.481234
-0.000000	-0.000000	-0.000000	1.000000
1.000000
-39.301186	-10.848049	-18.988300
-0.000000	-0.000000	-0.000000	1.000000
1.000000
42.825058	-10.848049	-19.481234
-0.000000	-0.000000	-0.000000	1.000000
1.000000
14.725431	16.956417	12.087311
-0.000000	0.642798	-0.000000	0.766035
1.000000
17.689819	13.480179	30.945961
-0.000000	-0.000000	-0.000000	1.000000
1.000000
27.969997	0.000004	38.026276
-0.000000	-0.000000	-0.000000	1.000000
1.000000
-23.698814	8.943087	-4.011698
-0.000000	-0.000000	-0.000000	1.000000
1.000000
24.174942	8.943087	-3.518766
-0.000000	-0.000000	-0.000000	1.000000
1.000000
-23.698811	-9.151951	-4.011698
-0.000000	-0.000000	-0.000000	1.000000
1.000000
24.174942	-9.151951	-3.518766
-0.000000	-0.000000	-0.000000	1.000000
1.000000
7.917000	-70.845474	9.610001
-0.000000	-0.000000	-0.000000	1.000000
1.000000
0.000000	17.999996	0.000000
-0.000000	-0.000000	-0.000000	1.000000
1.000000
0.000000	17.999996	0.000000
-0.000000	-0.000000	-0.000000	1.000000
1.000000
0.000000	-17.999996	0.000000
-0.000000	-0.000000	-0.000000	1.000000
1.000000
0.000000	-17.999996	0.000000
-0.000000	-0.000000	-0.000000	1.000000
1.000000
0.000000	0.000000	42.000000
-0.000000	-0.000000	-0.000000	1.000000
1.000000
-50.000000	0.000000	1.863716
-0.000000	-0.000000	-0.000000	1.000000
1.000000
-39.301186	11.056913	-18.988300
-0.000000	-0.000000	-0.000000	1.000000
1.000000
42.825058	11.056913	-19.481234
-0.000000	-0.000000	-0.000000	1.000000
1.000000
-39.301186	-10.848049	-18.988300
-0.000000	-0.000000	-0.000000	1.000000
1.000000
42.825058	-10.848049	-19.481234
-0.000000	-0.000000	-0.000000	1.000000
1.000000
14.725431	16.956417	12.087311
-0.000000	0.642798	-0.000000	0.766035
1.000000
17.689819	13.480179	30.945961
-0.000000	-0.000000	-0.000000	1.000000
1.000000
27.969997	0.000004	38.026276
-0.000000	-0.000000	-0.000000	1.000000
1.000000
-23.698814	8.943087	-4.011698
-0.000000	-0.000000	-0.000000	1.000000
1.000000
24.174942	8.943087	-3.518766
-0.000000	-0.000000	-0.000000	1.000000
1.000000
-23.698811	-9.151951	-4.011698
-0.000000	-0.000000	-0.000000	1.000000
1.000000
24.174942	-9.151951	-3.518766
-0.000000	-0.000000	-0.000000	1.000000
1.000000
7.917000	-75.646866	9.610001
-0.000000	-0.000000	-0.000000	1.000000
1.000000
0.000000	17.999996	0.000000
-0.000000	-0.000000	-0.000000	1.000000
1.000000
0.000000	17.999996	0.000000
-0.000000	-0.000000	-0.000000	1.000000
1.000000
0.000000	-17.999996	0.000000
-0.000000	-0.000000	-0.000000	1.000000
1.000000
0.000000	-17.999996	0.000000
-0.000000	-0.000000	-0.000000	1.000000
1.000000
0.000000	0.000000	42.000000
-0.000000	-0.000000	-0.000000	1.000000
1.000000
-50.000000	0.000000	1.863716
-0.000000	-0.000000	-0.000000	1.000000
1.000000
-39.301186	11.056913	-18.988300
-0.000000	-0.000000	-0.000000	1.000000
1.000000
42.825058	11.056913	-19.481234
-0.000000	-0.000000	-0.000000	1.000000
1.000000
-39.301186	-10.848049	-18.988300
-0.000000	-0.000000	-0.000000	1.000000
1.000000
42.825058	-10.848049	-19.481234
-0.000000	-0.000000	-0.000000	1.000000
1.000000
14.725431	16.956417	12.087311
-0.000000	0.642798	-0.000000	0.766035
1.000000
17.689819	13.480179	30.945961
-0.000000	-0.000000	-0.000000	1.000000
1.000000
27.969997	0.000004	38.026276
-0.000000	-0.000000	-0.000000	1.000000
1.000000
-23.698814	8.943087	-4.011698
-0.000000	-0.000000	-0.000000	1.000000
1.000000
24.174942	8.943087	-3.518766
-0.000000	-0.000000	-0.000000	1.000000
1.000000
-23.698811	-9.151951	-4.011698
-0.000000	-0.000000	-0.000000	1.000000
1.000000
24.174942	-9.151951	-3.518766
-0.000000	-0.000000	-0.000000	1.000000
1.000000
7.917000	-80.174911	9.610001
-0.000000	-0.000000	-0.000000	1.000000
1.000000
0.000000	17.999996	0.000000
-0.000000	-0.000000	-0.000000	1.000000
1.000000
0.000000	17.999996	0.000000
-0.000000	-0.000000	-0.000000	1.000000
1.000000
0.000000	-17.999996	0.000000
-0.000000	-0.000000	-0.000000	1.000000
1.000000
0.000000	-17.999996	0.000000
-0.000000	-0.000000	-0.000000	1.000000
1.000000
0.000000	0.000000	42.000000
-0.000000	-0.000000	-0.000000	1.000000
1.000000
-50.000000	0.000000	1.863716
-0.000000	-0.000000	-0.000000	1.000000
1.000000
-39.301186	11.056913	-18.988300
-0.000000	-0.000000	-0.000000	1.000000
1.000000
42.825058	11.056913	-19.481234
-0.000000	-0.000000	-0.000000	1.000000
1.000000
-39.301186	-10.848049	-18.988300
-0.000000	-0.000000	-0.000000	1.000000
1.000000
42.825058	-10.848049	-19.481234
-0.000000	-0.000000	-0.000000	1.000000
1.000000
14.725431	16.956417	12.087311
-0.000000	0.642798	-0.000000	0.766035
1.000000
17.689819	13.480179	30.945961
-0.000000	-0.000000	-0.000000	1.000000
1.000000
27.969997	0.000004	38.026276
-0.000000	-0.000000	-0.000000	1.000000
1.000000
-23.698814	8.943087	-4.011698
-0.000000	-0.000000	-0.000000	1.000000
1.000000
24.174942	8.943087	-3.518766
-0.000000	-0.000000	-0.000000	1.000000
1.000000
-23.698811	-9.151951	-4.011698
-0.000000	-0.000000	-0.000000	1.000000
1.000000
24.174942	-9.151951	-3.518766
-0.000000	-0.000000	-0.000000	1.000000
1.000000
7.917000	-84.375000	9.610001
-0.000000	-0.000000	-0.000000	1.000000
1.000000
0.000000	17.999996	0.000000
-0.000000	-0.000000	-0.000000	1.000000
1.000000
0.000000	17.999996	0.000000
-0.000000	-0.000000	-0.000000	1.000000
1.000000
0.000000	-17.999996	0.000000
-0.000000	-0.000000	-0.000000	1.000000
1.000000
0.000000	-17.999996	0.000000
-0.000000	-0.000000	-0.000000	1.000000
1.000000
0.000000	0.000000	42.000000
-0.000000	-0.000000	-0.000000	1.000000
1.000000
-50.000000	0.000000	1.863716
-0.000000	-0.000000	-0.000000	1.000000
1.000000
-39.301186	11.056913	-18.988300
-0.000000	-0.000000	-0.000000	1.000000
1.000000
42.825058	11.056913	-19.481234
-0.000000	-0.000000	-0.000000	1.000000
1.000000
-39.301186	-10.848049	-18.988300
-0.000000	-0.000000	-0.000000	1.000000
1.000000
42.825058	-10.848049	-19.481234
-0.000000	-0.000000	-0.000000	1.000000
1.000000
14.725431	16.956417	12.087311
-0.000000	0.642798	-0.000000	0.766035
1.000000
17.689819	13.480179	30.945961
-0.000000	-0.000000	-0.000000	1.000000
1.000000
27.969997	0.000004	38.026276
-0.000000	-0.000000	-0.000000	1.000000
1.000000
-23.698814	8.943087	-4.011698
-0.000000	-0.000000	-0.000000	1.000000
1.000000
24.174942	8.943087	-3.518766
-0.000000	-0.000000	-0.000000	1.000000
1.000000
-23.698811	-9.151951	-4.011698
-0.000000	-0.000000	-0.000000	1.000000
1.000000
24.174942	-9.151951	-3.518766
-0.000000	-0.000000	-0.000000	1.000000
1.000000
7.917000	-88.192398	9.610001
-0.000000	-0.000000	-0.000000	1.000000
1.000000
0.000000	17.999996	0.000000
-0.000000	-0.000000	-0.000000	1.000000
1.000000
0.000000	17.999996	0.000000
-0.000000	-0.000000	-0.000000	1.000000
1.000000
0.000000	-17.999996	0.000000
-0.000000	-0.000000	-0.000000	1.000000
1.000000
0.000000	-17.999996	0.000000
-0.000000	-0.000000	-0.000000	1.000000
1.000000
0.000000	0.000000	42.000000
-0.000000	-0.000000	-0.000000	1.000000
1.000000
-50.000000	0.000000	1.863716
-0.000000	-0.000000	-0.000000	1.000000
1.000000
-39.301186	11.056913	-18.988300
-0.000000	-0.000000	-0.000000	1.000000
1.000000
42.825058	11.056913	-19.481234
-0.000000	-0.000000	-0.000000	1.000000
1.000000
-39.301186	-10.848049	-18.988300
-0.000000	-0.000000	-0.000000	1.000000
1.000000
42.825058	-10.848049	-19.481234
-0.000000	-0.000000	-0.000000	1.000000
1.000000
14.725431	16.956417	12.087311
-0.000000	0.642798	-0.000000	0.766035
1.000000
17.689819	13.480179	30.945961
-0.000000	-0.000000	-0.000000	1.000000
1.000000
27.969997	0.000004	38.026276
-0.000000	-0.000000	-0.000000	1.000000
1.000000
-23.698814	8.943087	-4.011698
-0.000000	-0.000000	-0.000000	1.000000
1.000000
24.174942	8.943087	-3.518766
-0.000000	-0.000000	-0.000000	1.000000
1.000000
-23.698811	-9.151951	-4.011698
-0.000000	-0.000000	-0.000000	1.000000
1.000000
24.174942	-9.151951	-3.518766
-0.000000	-0.000000	-0.000000	1.000000
1.000000
7.917000	-91.572510	9.610001
-0.000000	-0.000000	-0.000000	1.000000
1.000000
0.000000	17.999996	0.000000
-0.000000	-0.000000	-0.000000	1.000000
1.000000
0.000000	17.999996	0.000000
-0.000000	-0.000000	-0.000000	1.000000
1.000000
0.000000	-17.999996	0.000000
-0.000000	-0.000000	-0.000000	1.000000
1.000000
0.000000	-17.999996	0.000000
-0.000000	-0.000000	-0.000000	1.000000
1.000000
0.000000	0.000000	42.000000
-0.000000	-0.000000	-0.000000	1.000000
1.000000
-50.000000	0.000000	1.863716
-0.000000	-0.000000	-0.000000	1.000000
1.000000
-39.301186	11.056913	-18.988300
-0.000000	-0.000000	-0.000000	1.000000
1.000000
42.825058	11.056913	-19.481234
-0.000000	-0.000000	-0.000000	1.000000
1.000000
-39.301186	-10.848049	-18.988300
-0.000000	-0.000000	-0.000000	1.000000
1.000000
42.825058	-10.848049	-19.481234
-0.000000	-0.000000	-0.000000	1.000000
1.000000
14.725431	16.956417	12.087311
-0.000000	0.642798	-0.000000	0.766035
1.000000
17.689819	13.480179	30.945961
-0.000000	-0.000000	-0.000000	1.000000
1.000000
27.969997	0.000004	38.026276
-0.000000	-0.000000	-0.000000	1.000000
1.000000
-23.698814	8.943087	-4.011698
-0.000000	-0.000000	-0.000000	1.000000
1.000000
24.174942	8.943087	-3.518766
-0.000000	-0.000000	-0.000000	1.000000
1.000000
-23.698811	-9.151951	-4.011698
-0.000000	-0.000000	-0.000000	1.000000
1.000000
24.174942	-9.151951	-3.518766
-0.000000	-0.000000	-0.000000	1.000000
1.000000
7.917000	-94.460617	9.610001
-0.000000	-0.000000	-0.000000	1.000000
1.000000
0.000000	17.999996	0.000000
-0.000000	-0.000000	-0.000000	1.000000
1.000000
0.000000	17.999996	0.000000
-0.000000	-0.000000	-0.000000	1.000000
1.000000
0.000000	-17.999996	0.000000
-0.000000	-0.000000	-0.000000	1.000000
1.000000
0.000000	-17.999996	0.000000
-0.000000	-0.000000	-0.000000	1.000000
1.000000
0.000000	0.000000	42.000000
-0.000000	-0.000000	-0.000000	1.000000
1.000000
-50.000000	0.000000	1.863716
-0.000000	-0.000000	-0.000000	1.000000
1.000000
-39.301186	11.056913	-18.988300
-0.000000	-0.000000	-0.000000	1.000000
1.000000
42.825058	11.056913	-19.481234
-0.000000	-0.000000	-0.000000	1.000000
1.000000
-39.301186	-10.848049	-18.988300
-0.000000	-0.000000	-0.000000	1.000000
1.000000
42.825058	-10.848049	-19.481234
-0.000000	-0.000000	-0.000000	1.000000
1.000000
14.725431	16.956417	12.087311
-0.000000	0.642798	-0.000000	0.766035
1.000000
17.689819	13.480179	30.945961
-0.000000	-0.000000	-0.000000	1.000000
1.000000
27.969997	0.000004	38.026276
-0.000000	-0.000000	-0.000000	1.000000
1.000000
-23.698814	8.943087	-4.011698
-0.000000	-0.000000	-0.000000	1.000000
1.000000
24.174942	8.943087	-3.518766
-0.000000	-0.000000	-0.000000	1.000000
1.000000
-23.698811	-9.151951	-4.011698
-0.000000	-0.000000	-0.000000	1.000000
1.000000
24.174942	-9.151951	-3.518766
-0.000000	-0.000000	-0.000000	1.000000
1.000000
7.917000	-96.802109	9.610001
-0.000000	-0.000000	-0.000000	1.000000
1.000000
0.000000	17.999996	0.000000
-0.000000	-0.000000	-0.000000	1.000000
1.000000
0.000000	17.999996	0.000000
-0.000000	-0.000000	-0.000000	1.000000
1.000000
0.000000	-17.999996	0.000000
-0.000000	-0.000000	-0.000000	1.000000
1.000000
0.000000	-17.999996	0.000000
-0.000000	-0.000000	-0.000000	1.000000
1.000000
0.000000	0.000000	42.000000
-0.000000	-0.000000	-0.000000	1.000000
1.000000
-50.000000	0.000000	1.863716
-0.000000	-0.000000	-0.000000	1.000000
1.000000
-39.301186	11.056913	-18.988300
-0.000000	-0.000000	-0.000000	1.000000
1.000000
42.825058	11.056913	-19.481234
-0.000000	-0.000000	-0.000000	1.000000
1.000000
-39.301186	-10.848049	-18.988300
-0.000000	-0.000000	-0.000000	1.000000
1.000000
42.825058	-10.848049	-19.481234
-0.000000	-0.000000	-0.000000	1.000000
1.000000
14.725431	16.956417	12.087311
-0.000000	0.642798	-0.000000	0.766035
1.000000
17.689819	13.480179	30.945961
-0.000000	-0.000000	-0.000000	1.000000
1.000000
27.969997	0.000004	38.026276
-0.000000	-0.000000	-0.000000	1.000000
1.000000
-23.698814	8.943087	-4.011698
-0.000000	-0.000000	-0.000000	1.000000
1.000000
24.174942	8.943087	-3.518766
-0.000000	-0.000000	-0.000000	1.000000
1.000000
-23.698811	-9.151951	-4.011698
-0.000000	-0.000000	-0.000000	1.000000
1.000000
24.174942	-9.151951	-3.518766
-0.000000	-0.000000	-0.000000	1.000000
1.000000
7.917000	-98.542282	9.610001
-0.000000	-0.000000	-0.000000	1.000000
1.000000
0.000000	17.999996	0.000000
-0.000000	-0.000000	-0.000000	1.000000
1.000000
0.000000	17.999996	0.000000
-0.000000	-0.000000	-0.000000	1.000000
1.000000
0.000000	-17.999996	0.000000
-0.000000	-0.000000	-0.000000	1.000000
1.000000
0.000000	-17.999996	0.000000
-0.000000	-0.000000	-0.000000	1.000000
1.000000
0.000000	0.000000	42.000000
-0.000000	-0.000000	-0.000000	1.000000
1.000000
-50.000000	0.000000	1.863716
-0.000000	-0.000000	-0.000000	1.000000
1.000000
-39.301186	11.056913	-18.988300
-0.000000	-0.000000	-0.000000	1.000000
1.000000
42.825058	11.056913	-19.481234
-0.000000	-0.000000	-0.000000	1.000000
1.000000
-39.301186	-10.848049	-18.988300
-0.000000	-0.000000	-0.000000	1.000000
1.000000
42.825058	-10.848049	-19.481234
-0.000000	-0.000000	-0.000000	1.000000
1.000000
14.725431	16.956417	12.087311
-0.000000	0.642798	-0.000000	0.766035
1.000000
17.689819	13.480179	30.945961
-0.000000	-0.000000	-0.000000	1.000000
1.000000
27.969997	0.000004	38.026276
-0.000000	-0.000000	-0.000000	1.000000
1.000000
-23.698814	8.943087	-4.011698
-0.000000	-0.000000	-0.000000	1.000000
1.000000
24.174942	8.943087	-3.518766
-0.000000	-0.000000	-0.000000	1.000000
1.000000
-23.698811	-9.151951	-4.011698
-0.000000	-0.000000	-0.000000	1.000000
1.000000
24.174942	-9.151951	-3.518766
-0.000000	-0.000000	-0.000000	1.000000
1.000000
7.917000	-99.626465	9.610001
-0.000000	-0.000000	-0.000000	1.000000
1.000000
0.000000	17.999996	0.000000
-0.000000	-0.000000	-0.000000	1.000000
1.000000
0.000000	17.999996	0.000000
-0.000000	-0.000000	-0.000000	1.000000
1.000000
0.000000	-17.999996	0.000000
-0.000000	-0.000000	-0.000000	1.000000
1.000000
0.000000	-17.999996	0.000000
-0.000000	-0.000000	-0.000000	1.000000
1.000000
0.000000	0.000000	42.000000
-0.000000	-0.000000	-0.000000	1.000000
1.000000
-50.000000	0.000000	1.863716
-0.000000	-0.000000	-0.000000	1.000000
1.000000
-39.301186	11.056913	-18.988300
-0.000000	-0.000000	-0.000000	1.000000
1.000000
42.825058	11.056913	-19.481234
-0.000000	-0.000000	-0.000000	1.000000
1.000000
-39.301186	-10.848049	-18.988300
-0.000000	-0.000000	-0.000000	1.000000
1.000000
42.825058	-10.848049	-19.481234
-0.000000	-0.000000	-0.000000	1.000000
1.000000
14.725431	16.956417	12.087311
-0.000000	0.642798	-0.000000	0.766035
1.000000
17.689819	13.480179	30.945961
-0.000000	-0.000000	-0.000000	1.000000
1.000000
27.969997	0.000004	38.026276
-0.000000	-0.000000	-0.000000	1.000000
1.000000
-23.698814	8.943087	-4.011698
-0.000000	-0.000000	-0.000000	1.000000
1.000000
24.174942	8.943087	-3.518766
-0.000000	-0.000000	-0.000000	1.000000
1.000000
-23.698811	-9.151951	-4.011698
-0.000000	-0.000000	-0.000000	1.000000
1.000000
24.174942	-9.151951	-3.518766
-0.000000	-0.000000	-0.000000	1.000000
1.000000
7.917000	-100.000000	9.610001
-0.000000	-0.000000	-0.000000	1.000000
1.000000
0.000000	17.999996	0.000000
-0.000000	-0.000000	-0.000000	1.000000
1.000000
0.000000	17.999996	0.000000
-0.000000	-0.000000	-0.000000	1.000000
1.000000
0.000000	-17.999996	0.000000
-0.000000	-0.000000	-0.000000	1.000000
1.000000
0.000000	-17.999996	0.000000
-0.000000	-0.000000	-0.000000	1.000000
1.000000
0.000000	0.000000	42.000000
-0.000000	-0.000000	-0.000000	1.000000
1.000000
-50.000000	0.000000	1.863716
-0.000000	-0.000000	-0.000000	1.000000
1.000000
-39.301186	11.056913	-18.988300
-0.000000	-0.000000	-0.000000	1.000000
1.000000
42.825058	11.056913	-19.481234
-0.000000	-0.000000	-0.000000	1.000000
1.000000
-39.301186	-10.848049	-18.988300
-0.000000	-0.000000	-0.000000	1.000000
1.000000
42.825058	-10.848049	-19.481234
-0.000000	-0.000000	-0.000000	1.000000
1.000000
14.725431	16.956417	12.087311
-0.000000	0.642798	-0.000000	0.766035
1.000000
17.689819	13.480179	30.945961
-0.000000	-0.000000	-0.000000	1.000000
1.000000
27.969997	0.000004	38.026276
-0.000000	-0.000000	-0.000000	1.000000
1.000000
-23.698814	8.943087	-4.011698
-0.000000	-0.000000	-0.000000	1.000000
1.000000
24.174942	8.943087	-3.518766
-0.000000	-0.000000	-0.000000	1.000000
1.000000
-23.698811	-9.151951	-4.011698
-0.000000	-0.000000	-0.000000	1.000000
1.000000
24.174942	-9.151951	-3.518766
-0.000000	-0.000000	-0.000000	1.000000
1.000000
7.917000	0.000000	9.610001
-0.000000	-0.000000	-0.000000	1.000000
1.000000
0.000000	17.999996	0.000000
-0.000000	-0.000000	-0.000000	1.000000
1.000000
0.000000	17.999996	0.000000
-0.000000	-0.000000	-0.000000	1.000000
1.000000
0.000000	-17.999996	0.000000
-0.000000	-0.000000	-0.000000	1.000000
1.000000
0.000000	-17.999996	0.000000
-0.000000	-0.000000	-0.000000	1.000000
1.000000
